ra_2mass dec_2mass x_2mass y_2mass x_corr y_corr ra_corr dec_corr j_m h_m k_m ph_qual flux
245.843481 -26.600855 1218.6093261554317 77.78066762236494 1243.434989363152 45.89182930575612 245.84264770386528 -26.601811416001386 14.675 14.405 14.292 UAA 18980.5546875
245.820091 -26.585354 1916.0112779795318 594.1880175818767 1953.0414753441737 571.3363078895595 245.8188483519639 -26.586038976316576 14.718 14.295 14.132 AAA 65492.390625
245.828928 -26.585499 1652.587102658704 589.4804289804199 1685.0073769552314 566.5463364875773 245.82784005145896 -26.586186587093604 15.623 15.358 14.724 ABU 40861.54296875
245.826083 -26.584049 1737.4160053385729 637.7753101620824 1771.320785431998 615.6863780899187 245.82494526133232 -26.58471118961578 15.228 14.802 14.762 AAB 44443.83984375
245.820377 -26.581938 1907.5438428030752 708.0591542119346 1944.4258600521293 687.2001894106434 245.81913939620128 -26.582563198973137 14.272 13.715 13.575 AAA 60952.9140625
245.816386 -26.595833 2026.2650030723576 244.8294417644836 2065.224640626124 215.86395699536183 245.81507837052678 -26.596701324692972 16.427 15.694 16.028 UBU 0.0
245.816931 -26.591402 2010.0997055018174 392.5383968942599 2048.7764503480994 366.1578188399094 245.81563296323867 -26.592192787475206 13.799 13.231 13.088 AAA 104748.484375
245.820966 -26.590391 1889.843751214829 426.30109007744454 1926.4160168610883 400.51135915379973 245.81973861489246 -26.591164131292697 14.988 14.546 14.396 AAA 29095.87890625
245.816937 -26.589178 2009.9605695647542 466.6719191012073 2048.634879532138 441.5886776854784 245.8156390938933 -26.589929867636055 14.108 13.652 13.477 AAA 80474.4296875
245.818493 -26.593945 1963.4961355277637 307.79632224714055 2001.3573178994998 279.9327578864654 245.8172222804575 -26.594780304132524 15.547 14.956 14.838 AAB 23663.7421875
245.834705 -26.597225 1480.225614495262 198.68571144341308 1509.6295627489294 168.91271139367268 245.8337180813618 -26.598117834285247 14.581 14.154 14.002 AAA 86990.5390625
245.831838 -26.596388 1565.690824175086 226.5507889131834 1596.59041359815 197.26542771916388 245.83080089392666 -26.59726616616239 11.102 10.747 10.46 EEE 1213658.125
245.830387 -26.594099 1608.9723653395993 302.8324633426698 1640.6293817330425 274.88203145116654 245.82932451174239 -26.594937097918923 12.945 12.341 12.169 AAA 409938.28125
245.834286 -26.594372 1492.7523582394965 293.7808403202607 1522.375524508688 265.67200502586525 245.83329177072326 -26.595214903954986 14.623 14.174 14.433 UUA 112404.421875
245.833226 -26.594358 1524.3475857376538 294.2347029422192 1554.5236684880629 266.133810243708 245.83221321294857 -26.59520065138195 14.451 14.015 14.537 UUA 134366.765625
245.828057 -26.593136 1678.4364160887535 334.9018968751793 1711.3090533703069 307.51268007049475 245.82695372891374 -26.593957227497434 15.581 15.213 14.129 AAU 21133.3125
245.826647 -26.594229 1720.4474793535999 298.4493831439256 1754.055310242288 270.4222473489442 245.8255190327454 -26.595069343748644 13.128 12.54 12.409 AAA 247190.6875
245.828583 -26.590984 1662.789861751339 406.6423342514531 1695.3886843319876 380.5085751008535 245.8274889586213 -26.591767571703407 15.974 14.987 15.001 AUU 25673.7578125
245.819817 -26.587442 1924.1432247787645 524.5837514669345 1961.3157312123926 500.5139671176057 245.818569532199 -26.588163513801803 14.551 14.072 14.052 AAA 56461.69921875
245.824259 -26.59024 1791.689464848501 431.38274911091617 1826.54403048335 405.6819472203572 245.82308926642568 -26.591010516894798 14.108 13.532 13.406 AAA 121141.9375
245.826669 -26.591499 1719.8335693160595 389.44979656705186 1753.4306567790907 363.0151680069753 245.8255414452231 -26.592291569046726 14.868 14.488 14.398 AAA 48022.2265625
245.818171 -26.602558 1972.9428937453831 20.690842235030686 2010.9693943859274 -12.197068025856424 245.81689454552964 -26.603544028232733 14.705 14.334 14.243 AAA 126381.78125
245.81856 -26.597305 1961.4405086235984 195.79721123541958 1999.2657175245113 165.9736624320392 245.81729041559905 -26.598199104562713 15.587 14.905 14.857 AAB 25066.65234375
245.819194 -26.598921 1942.5156711094144 141.94032051495674 1980.009695353829 111.17427612396841 245.8179354975557 -26.59984339018113 16.189 15.913 16.014 AUU 5849.9658203125
245.82637 -26.60107 1728.598560682794 70.41191848054223 1762.349035494743 38.39412705395148 245.82523711441954 -26.602030058675677 15.016 14.263 13.934 AAA 35063.04296875
245.825808 -26.599291 1745.3765772259237 129.70421321990239 1779.4206673273775 98.72403695125058 245.82466529269033 -26.60021992171636 15.691 15.37 15.097 AAU 26053.953125
245.821353 -26.59816 1878.1783836164627 167.3398881132798 1914.5465053297507 137.01833615526198 245.82013230588313 -26.599069091783104 15.963 15.584 15.85 AAU 6693.9130859375
245.840548 -26.597973 1306.0610086549082 173.81766719841244 1332.4170763063692 143.60947637438449 245.83966337415177 -26.59887896318861 14.359 13.842 13.679 AAA 125411.0625
245.838296 -26.60253 1373.1273796882033 21.893224321862363 1400.6571088327469 -10.97364425250521 245.83737190872674 -26.60351569596881 16.465 15.676 15.677 UBU 13475.9189453125
245.834835 -26.598511 1476.3338698959315 155.82052820551394 1505.6697126191104 125.29738744911037 245.83385034615208 -26.599426340138482 15.647 15.087 14.657 AAU 37407.01171875
245.827855 -26.599493 1684.3619622384124 122.9989022700056 1717.3382965775847 91.9013830597305 245.82674813001213 -26.600425473104213 14.756 14.29 14.2 AAA 51348.25
245.828352 -26.602257 1669.5075737053958 30.87209040365815 1702.2239562452403 -1.8376480142778746 245.82725380467306 -26.603237846859955 15.993 15.65 15.056 UBU 0.0
245.829464 -26.601021 1636.382910707966 72.08684383967739 1668.5196116453556 40.098363606871544 245.82838528614937 -26.60198022554795 15.414 14.903 14.745 AAB 36032.0390625
245.817821 -26.579624 1983.7786839199275 785.1529743205001 2021.9948108885264 765.6431513711088 245.81653867845785 -26.58020868114696 11.435 11.075 10.977 AAA 1315541.375
245.880944 -26.553068 102.0849910439349 1670.8857919292527 107.37147838720381 1666.8762932880147 245.88076669927273 -26.55318827904858 8.626 7.785 7.639 AAA 2169078.25
245.88274 -26.551098 48.534493780658934 1736.554043165968 52.88384742182046 1733.6937389213726 245.88259413373726 -26.55118380611157 14.098 13.793 13.536 BCC 329189.96875
245.879914 -26.55094 132.80002893590995 1741.8178843827113 138.62402944228842 1739.0496973594088 245.87971867686122 -26.5510230376881 14.394 13.998 13.816 DDD 154004.65625
245.882339 -26.552561 60.49020987567633 1687.7870858935019 65.04878854850068 1684.073359896638 245.88218611394817 -26.552672408184815 12.402 11.924 11.578 AAB 1356531.125
245.881606 -26.542791 82.35663719103813 2013.4531395750946 87.29787834188136 2015.4385695176588 245.88144030008377 -26.542731432359517 14.003 13.444 13.259 EEA 353424.34375
245.88244 -26.548014 57.48240825595735 1839.3538353904164 61.988350400436616 1838.2925275097487 245.8822888876427 -26.54804583579689 13.594 13.114 12.942 AAA 523539.125
245.881325 -26.547346 90.73097378749208 1861.6195319568099 95.81876582877322 1860.947873766054 245.88115437583912 -26.547366144523515 12.898 12.259 12.059 AAA 1254331.375
245.883611 -26.547789 22.56486167584201 1846.8545437502473 26.45974675516925 1845.9244982658768 245.8834803807338 -26.54781689946821 14.912 14.557 14.797 AAD 131529.84375
245.882905 -26.545759 43.61832051582448 1914.5208231708277 47.88164112485143 1914.7749375763171 245.8827620281335 -26.545751373782764 13.683 13.454 13.364 AUU 569599.8125
245.87516 -26.574404 274.4905500932647 959.6754464744749 282.7941347198969 943.2197667877782 245.87488142038492 -26.574897649557762 14.896 14.451 14.271 AAA 191049.9375
245.878114 -26.575066 186.42516396222175 937.6149511338344 193.18760433156064 920.7732127786765 245.87788712698645 -26.57557123985769 15.435 15.01 14.361 AAU 111023.4375
245.876123 -26.57214 245.78736678969648 1035.144379738803 253.5886457085162 1020.0094063842321 245.875861282358 -26.57259403143223 14.208 13.628 13.608 AAA 332702.5
245.881676 -26.572863 80.23836403301821 1011.0530641603298 85.14253540359607 995.4964927831355 245.8815114811664 -26.573329692337467 16.08 15.723 15.533 AUU 79534.359375
245.883072 -26.575687 38.618641179514455 916.920750201087 42.79446740015595 899.716863329606 245.88293191343632 -26.576203113817236 14.857 13.813 13.81 AUU 169461.875
245.880571 -26.574663 113.17849399413166 951.0518832319374 118.65911763902898 934.4452911884962 245.8803871361556 -26.575161190949718 13.687 13.084 12.975 AAA 584872.75
245.883432 -26.575033 27.8868818390182 938.720958189786 31.874902271201023 921.8985749581071 245.88329821586092 -26.575537669175407 14.399 14.633 13.796 UBU 116076.5859375
245.877388 -26.566866 208.08597235385906 1210.9470445043385 215.22747687005165 1198.8886177831644 245.87714843616104 -26.567227738730814 12.622 12.065 11.889 AAA 880470.4375
245.874836 -26.569752 284.16262404704156 1114.741367134061 292.6354699678648 1100.999341058907 245.8745517606975 -26.57016423895751 15.233 14.132 14.167 AUU 24447.80078125
245.874957 -26.569529 280.55586681138095 1122.1750049023392 288.96559448058014 1108.56306748813 245.87467487919798 -26.569937336703017 14.494 14.751 13.994 UBU 25181.44921875
245.876187 -26.568851 243.887442240454 1144.777889578222 251.65547247966197 1131.5615026458408 245.87592641021942 -26.569247474081173 14.017 13.467 13.422 AAA 425747.84375
245.88047 -26.569595 116.19627160784091 1119.985155791125 121.72970636097813 1106.3348960174694 245.88028437655535 -26.570004500866894 15.456 15.496 14.984 AUC 109056.59375
245.879479 -26.570118 145.7401805157793 1102.5505137973228 151.79063367480546 1088.5951477887759 245.879276029514 -26.570536651993947 15.717 15.51 14.804 AUB 27232.396484375
245.880663 -26.57177 110.4395451350141 1047.4853597665087 115.87223717487689 1032.5663535624226 245.88048075123984 -26.57221756359989 16.304 15.511 15.519 UCU 48561.7109375
245.877386 -26.571669 208.13531331997945 1050.8469929633125 215.27768130307913 1035.9868153401703 245.8771463909452 -26.57211479118749 12.619 12.031 11.828 AAA 547443.0
245.879577 -26.57325 142.8135896910932 998.1506171560516 148.81282751068733 982.3682529562824 245.8793757392858 -26.573723462104685 14.537 14.042 13.301 AAU 218508.671875
245.878863 -26.573929 164.09824415355814 975.5162106562373 170.46996342624544 959.3377443427213 245.87864923999945 -26.574414343544053 14.163 13.56 13.077 AAU 280412.78125
245.878456 -26.557795 176.261768721936 1513.3156808307012 182.84634967456992 1506.5487052452386 245.87823514735965 -26.557997998020817 11.999 11.352 11.224 AAA 3066778.25
245.879558 -26.564209 143.39427853933847 1299.5173433987914 149.4036784137769 1289.0088969082701 245.8793564228744 -26.564524244648535 15.407 15.011 14.889 BCC 114656.0234375
245.880651 -26.563723 110.80769992688556 1315.7187508816326 116.24683467560607 1305.4938290220612 245.880468554217 -26.564029741142324 15.628 15.013 14.964 ACB 104474.375
245.877038 -26.561073 218.5337233097518 1404.046399373879 225.85806346767248 1395.3672113629218 245.87679232266387 -26.56133336065934 15.931 15.472 15.275 CDD 91797.3046875
245.879868 -26.561794 134.15540943504908 1380.017785064968 140.00312910016248 1370.9180963036047 245.8796718529433 -26.56206698259822 13.941 11.796 13.347 AUA 304416.25
245.878927 -26.562288 162.21054885416987 1363.5497518558723 168.5492334591179 1354.1618725133499 245.87871438223345 -26.56256962622956 12.109 11.374 11.339 AUA 2632673.5
245.882992 -26.562101 41.01285903425868 1369.7874996860846 45.23058406735822 1360.508780930591 245.88285053012197 -26.56237935884363 15.5 14.952 14.867 AAB 57348.734375
245.883628 -26.560816 22.051179928008025 1412.621182656556 25.937075576748185 1404.0920533530457 245.88349766317805 -26.5610718719627 15.041 14.545 14.414 AAA 84841.6953125
245.882358 -26.560156 59.91722716157673 1434.620408081766 64.46577863690436 1426.476265223197 245.8822054361889 -26.5604003206889 16.26 15.615 15.088 CCU 57795.421875
245.878963 -26.559467 161.14209559022473 1457.5831560888237 167.46208226305367 1449.840861320378 245.8787510176282 -26.55969925879505 15.258 14.781 14.864 ABB 160309.53125
245.880037 -26.567671 129.10812228070927 1184.11796587959 134.86751442062172 1171.5900302824828 245.87984380078018 -26.568046830298798 15.685 15.118 14.973 ABC 87130.171875
245.881792 -26.566402 76.786585262861 1226.4199006122692 81.63035050496103 1214.6322488729838 245.88162952095996 -26.566755625025294 13.297 12.965 12.637 EEA 82694.15625
245.879615 -26.566622 141.69108436815722 1219.0840719394832 147.67067834460005 1207.1680431984241 245.87941441624008 -26.566979472215536 15.174 14.726 14.647 CDB 97943.7890625
245.882418 -26.571022 58.119237241404576 1072.4203699865727 62.636323893129145 1057.9377264613377 245.88226647171322 -26.571456475688525 15.57 14.697 14.682 AUU 93064.53125
245.883588 -26.570604 23.23861019139006 1086.3544218967552 27.145285869739382 1072.1156242799484 245.88345695170872 -26.57103116186698 15.692 14.34 14.385 AUU 98874.0625
245.882223 -26.555527 63.94641557948728 1588.9203214335223 68.56547785212831 1583.4764270586088 245.8820680797578 -26.555690313053617 15.143 14.653 14.527 BBB 181909.46875
245.869754 -26.600195 435.546809178894 99.95821441462658 446.66887833952467 68.45748316688241 245.86938070630615 -26.601139978909792 13.617 13.072 12.916 AAA 415377.03125
245.87045 -26.601587 414.7969621807551 53.56067472666837 425.55590901891844 21.247986534384836 245.87008888767997 -26.60255634067552 15.836 15.356 14.951 AAU 42356.171875
245.87278 -26.579344 345.4261697679279 795.0022458757455 354.9711277388666 775.664785178571 245.87245974593003 -26.579924094422072 15.279 14.91 14.621 AAA 67471.3203125
245.871017 -26.585716 397.95793629681344 582.5964814233971 408.4222001820077 559.5419198483064 245.87066586450936 -26.58640760009281 15.467 14.994 14.989 AAB 90275.6484375
245.873318 -26.583914 329.3734853424064 642.67039855912 338.63752133589855 620.6671305339046 245.87300715109416 -26.584574070548403 15.863 15.326 14.942 AAB 68646.8125
245.881858 -26.586729 74.79896287292499 548.852982895681 79.60794472320123 525.2079100963554 245.88169664707098 -26.5874383473327 14.879 14.461 14.304 AAA 140729.0
245.878288 -26.583023 181.22276270822974 672.381782968821 187.89416105562384 650.8984641707752 245.8780641569643 -26.58366748751653 11.652 11.313 11.135 AAA 2090425.25
245.877888 -26.585501 193.1416076371754 589.7810275283002 200.021585770826 566.8521955100455 245.87765714960187 -26.58618885182128 15.472 14.882 14.773 AAB 98187.0625
245.875055 -26.584337 277.59349840134155 628.5750154854406 285.9513846233651 606.3250782564357 245.8747745577115 -26.5850044766931 14.981 14.507 14.202 AAA 40353.609375
245.875846 -26.581884 254.02063258853553 710.3436066518595 261.9659936588349 689.524619768267 245.87557941069713 -26.582508550778012 14.842 14.45 14.262 AAA 161426.03125
245.873296 -26.58256 330.03363018897585 687.8036971264482 339.309218717283 666.5902618261609 245.87298476970432 -26.58319637552563 15.067 14.601 14.373 AAA 169252.9375
245.869122 -26.596725 454.39852400483835 215.6226283927333 465.850498174923 186.14602438960605 245.86873765284335 -26.597609252329814 14.131 13.649 13.274 AAU 294155.96875
245.869227 -26.595522 451.274020607985 255.72307245476577 462.67131596862475 226.9482262227241 245.86884449525013 -26.596385200156238 15.473 15.119 13.852 AAU 40110.046875
245.876188 -26.593142 243.79804067926432 335.0774244612037 251.5645063911515 307.69127938927454 245.8759273715587 -26.59396356616102 15.524 14.884 14.677 ABB 25792.48046875
245.87209 -26.588497 365.9632314761621 489.8999283421515 375.8675880269949 465.223177088139 245.87175764039011 -26.58923727013788 16.324 15.619 16.291 BBU 48328.4296875
245.871978 -26.590137 369.2959264511123 435.2328630271379 379.2586051640069 409.59943813011273 245.87164367478974 -26.590905969830953 15.898 15.316 15.2 AAU 46338.0
245.873849 -26.593388 313.5157246173934 326.87163916998793 322.5022497981978 299.3418928554627 245.87354742135258 -26.594213866474675 12.415 11.796 11.63 AAA 1285331.5
245.874195 -26.596443 303.1934679372117 225.03914031026466 311.99935362611296 195.72732526569416 245.8738994708763 -26.597322329615185 15.47 15.027 14.701 ABU 51012.3203125
245.882449 -26.596359 57.174124497863815 227.8531829141907 61.67467167657645 198.5906136151889 245.88229798038662 -26.59723687273325 15.21 14.737 14.587 AAB 46027.6484375
245.880298 -26.592928 121.29180754174854 342.217830268449 126.91441417372914 314.9566422981468 245.8801093268756 -26.593745827737035 11.628 11.301 11.154 AAA 1304123.25
245.8824 -26.590519 58.63951978340583 422.51999336880976 63.16571137961546 396.6640932527639 245.88224813037507 -26.591294672847468 15.226 14.625 14.503 AAA 43972.39453125
245.881691 -26.588877 79.77480373482378 477.2527797064902 84.67086280018322 452.3547033513537 245.88152672038896 -26.589623937090654 16.19 15.568 15.095 ABU 42010.05859375
245.873711 -26.589376 317.6414988130592 460.6047081801685 326.7002250422877 435.4152905733213 245.87340701616333 -26.590131656286086 16.256 15.691 16.078 ABU 50351.27734375
245.878253 -26.589088 182.2544751499614 470.2149150224159 188.94392846508578 445.19367603530804 245.87802853218517 -26.589838624831962 13.949 13.376 13.191 AAA 329370.75
245.868287 -26.597992 479.2808334948053 173.38595842921677 491.1682480809644 143.1702127017279 245.86788802930874 -26.598898422457633 14.956 14.487 14.474 ABA 87939.296875
245.869523 -26.599045 442.43660286942037 138.29073231210123 453.6792434196352 107.46082012756278 245.86914566572045 -26.5999698533354 15.418 13.63 13.433 AUU 16509.6875
245.873261 -26.600121 331.0205295104676 102.43641638107692 340.31338877690087 70.97905366774557 245.87294910841098 -26.60106469246696 15.554 15.499 14.574 UDU 26089.2109375
245.877532 -26.598064 203.7271564988816 171.0133363768598 210.79238173761212 140.75606976345466 245.8772948909994 -26.59897170338647 14.316 13.824 13.749 AAA 117795.09375
245.874985 -26.601032 279.6339694092985 72.07433247629888 288.0275638739613 40.08563329463391 245.87470329056782 -26.601991638575388 12.973 12.36 12.177 EEE 67189.8828125
245.880609 -26.60231 112.00959806660774 29.48453544295944 117.4697660327734 -3.2494851867888883 245.8804257563774 -26.60329201283295 15.088 14.538 14.34 AAB 0.0
245.877102 -26.576036 216.59239472437483 905.279715351121 223.88276163205137 887.8721103697656 245.8768574103463 -26.576558213149553 16.024 15.571 15.23 BBC 47556.2265625
245.878743 -26.577202 167.6698211377472 866.415973565737 174.10404300765782 848.3282531031373 245.87852713321462 -26.577744620820436 13.959 13.369 13.21 AAA 436289.9375
245.878212 -26.578377 183.4972429659902 827.248404608245 190.20844471789508 808.4752516888891 245.87798683581144 -26.578940182471392 15.799 15.377 14.341 ABU 65149.5625
245.882338 -26.583162 60.49387893780951 667.7534559194535 65.05252181922123 646.1891413980438 245.88218505493256 -26.583808925440035 14.68 14.333 14.195 AAA 115726.796875
245.882668 -26.57678 50.661638226813594 880.4871417942306 55.04821689578284 862.6456667756297 245.8825208401595 -26.57731524089109 16.014 14.719 14.639 BUU 66499.8203125
245.880537 -26.576401 114.18979456274371 893.118485223627 119.68811596759173 875.4980587150403 245.88035253816108 -26.57692960588408 14.852 14.393 14.407 AAA 189295.1875
245.878324 -26.551908 180.2086706123568 1709.5488093604035 186.86232234807306 1706.2159135242105 245.8781008487752 -26.552007975324386 14.193 13.836 13.623 CDD 210554.046875
245.874323 -26.548441 299.51931342265556 1825.1068246106208 308.26090140755207 1823.7961940413068 245.8740298367477 -26.548480295493466 13.646 13.17 13.012 AAA 443783.84375
245.876649 -26.548647 230.160859477256 1818.2456435558017 237.68867451810803 1816.8149423180282 245.8763965420939 -26.548689904999144 12.828 12.29 12.137 EAA 1181597.875
245.879445 -26.54311 146.79720808772453 2002.8172429883514 152.86615922925972 2004.6165447406474 245.87924148315074 -26.54305601202744 14.968 14.635 12.766 EEU 131971.296875
245.8753 -26.542917 270.4014050646108 2009.2426204402304 278.63342965324154 2011.1543662979345 245.87502394811236 -26.542859627471874 13.605 13.07 14.27 UUB 67668.2734375
245.876374 -26.542801 238.37500722402666 2013.1117321521297 246.04656985044716 2015.091187464792 245.8761167428291 -26.542741599504943 14.45 14.244 14.278 EDC 236699.515625
245.876663 -26.544382 229.75333624937434 1960.412343428644 237.27401963373842 1961.469559438645 245.87641079664004 -26.54435026752685 14.703 14.385 14.142 ACB 110175.203125
245.880152 -26.547934 125.70764276750222 1842.0181980499594 131.4075265159335 1841.0035165158338 245.87996084713316 -26.547964433016702 14.766 14.265 13.995 ABB 64276.19140625
245.879459 -26.54611 146.37492028472977 1902.817261524765 152.43648138971258 1902.8665636014484 245.87925572273517 -26.54610851204701 15.348 14.669 14.726 ABC 114985.3203125
245.878623 -26.544855 171.30602794653 1944.6493153751433 177.8038834355943 1945.4306783942084 245.87840509517238 -26.544831548297438 15.566 14.858 14.997 ABD 121605.7421875
245.870369 -26.543863 417.44006100356904 1977.6946172720188 428.2452620711316 1979.054273074279 245.87000665509177 -26.543822171297492 13.232 12.878 12.589 EEA 777938.75
245.873084 -26.546062 336.4722664262896 1904.4033917696224 345.86053108874967 1904.480451125591 245.87276916046164 -26.54605966032149 15.172 14.658 12.828 AAU 160878.875
245.874216 -26.543056 302.7258697494849 2004.6065472360672 311.52357247010093 2006.4371618126984 245.87392097830195 -26.54300105777454 14.33 13.745 14.377 UUB 209939.125
245.87331 -26.543686 329.7407378135593 1983.604047220058 339.0112007252966 1985.067118046409 245.87299912200803 -26.54364208082558 15.29 14.847 14.734 AAB 141039.296875
245.874518 -26.54476 293.71532172591304 1947.807336820228 302.35533985611653 1948.643965214582 245.8742282587753 -26.544734878400206 14.9 14.424 14.008 AAA 122004.8671875
245.874531 -26.546192 293.32353836804396 1900.0740357734755 301.9567002894848 1900.0753313995115 245.87424148259518 -26.546191938425846 12.218 11.567 11.408 AAA 2467429.25
245.876801 -26.547098 225.63199937523075 1869.8792933737777 233.0805593642973 1869.352181007819 245.8765512055836 -26.547113797771313 14.394 13.992 13.797 ABA 206960.390625
245.878324 -26.542471 180.2265808866529 2024.1154857596537 186.88054605216934 2026.2875067604475 245.87810086745296 -26.54240582782996 12.614 11.981 12.632 UUA 744308.125
245.851327 -26.550941 985.2047251762134 1741.6515181092266 1005.9458078667972 1738.880419676138 245.8506313834538 -26.55102396474907 16.212 15.655 15.388 BCU 95262.578125
245.848749 -26.549061 1062.0933403905121 1804.2968532194504 1084.1799738473462 1802.6220481507908 245.84800827894188 -26.549111051614 15.751 15.384 15.054 BBU 71376.1875
245.852351 -26.545185 954.7209619553613 1933.5262580468268 974.9285787895803 1934.1129675626462 245.85167333879394 -26.54516723977657 14.69 14.252 14.04 AAA 220401.0625
245.853565 -26.544897 918.5225938580562 1943.135483149587 938.0967392505722 1943.8903541047046 245.85290858526625 -26.54487420552719 15.285 14.828 14.497 AAA 87607.9921875
245.845327 -26.54505 1164.1739505864161 1937.9661606162258 1188.0469947216786 1938.6305684270098 245.8445264209562 -26.545029840419634 15.419 14.941 13.715 AAU 101595.015625
245.845814 -26.545963 1149.6424292972786 1907.5373594339608 1173.261171809981 1907.6692632240552 245.8450219369473 -26.5459588206657 15.632 15.128 14.252 ABU 92113.5625
245.846852 -26.544538 1118.7044466617501 1955.046853119553 1141.7817744783308 1956.0101730491451 245.84607811167416 -26.544508888946655 15.935 15.266 15.247 ABC 37566.21875
245.845445 -26.542942 1160.6772718249565 2008.2339427389397 1184.4891240818934 2010.128036736871 245.84464650086275 -26.54288495110617 14.698 14.202 14.136 AAA 196863.375
245.847988 -26.543242 1084.8420780044746 1998.2569536318053 1107.326814369553 1999.976450320362 245.84723400003136 -26.543190215116816 15.211 14.758 14.517 AAB 157572.375
245.850093 -26.54447 1022.0598035072794 1957.341526248964 1043.445850068657 1958.345002958321 245.84937582872504 -26.54443971610086 13.881 13.559 13.37 AAA 84599.25
245.848441 -26.546333 1071.3037776778904 1895.2275474588782 1093.5515937872535 1895.1440295394086 245.84769490686259 -26.54633531000748 16.338 15.704 15.587 BCU 63460.34765625
245.853177 -26.547825 930.0678591659589 1845.5325610572409 949.8440467013634 1844.5793808757426 245.85251377812494 -26.547853443693793 15.527 14.945 15.015 ABC 106589.734375
245.850966 -26.54653 996.0087332591504 1888.681977057471 1016.9388860911856 1888.4839116559767 245.850264093155 -26.54653577048585 14.383 13.553 13.369 AAE 452895.6875
245.871778 -26.573921 375.3158393297128 975.765883336883 385.3838665179828 959.5917862952784 245.8714402220271 -26.57440618965293 13.28 12.684 12.559 AAA 678892.75
245.873101 -26.57411 335.8740294550122 969.469941352208 345.2518249704749 953.1856653258716 245.87278637969158 -26.57459850021912 15.232 14.77 14.618 AAB 121116.5234375
245.870206 -26.570555 422.1936980471785 1087.9605706329335 433.0820877630042 1073.7498806190097 245.8698407161728 -26.570981280760922 15.246 14.841 14.7 AAA 113687.359375
245.875158 -26.565899 274.57331442384935 1243.1755323031293 282.87834742626677 1231.6811041184342 245.87487940639747 -26.566243812131347 15.446 14.982 14.857 ABC 108937.578125
245.871903 -26.566719 371.61503601684194 1215.8330302756317 381.61829914713667 1203.8601083054552 245.87156743150595 -26.567078155021495 14.13 13.693 13.579 AAA 118087.796875
245.872484 -26.567541 354.2904042100431 1188.4348390576124 363.99048628371895 1175.9824487411206 245.8721585984829 -26.567914541379917 15.23 14.614 14.506 AAB 139541.71875
245.873046 -26.56509 337.54317713976343 1270.136541743028 346.95018273970936 1259.113931223531 245.87273044220547 -26.565420650177654 15.186 14.823 14.502 ADU 149730.9375
245.865692 -26.566515 556.7896745816398 1222.608708741936 570.0334938868185 1210.7543611449198 245.8652477200419 -26.566870567809563 11.626 11.266 11.12 AAA 2708207.25
245.869605 -26.566006 440.13014239769296 1239.5917501055196 451.33241988965256 1228.0346057323661 245.86922921156727 -26.566352671717567 14.135 13.412 13.078 AAA 359751.15625
245.871 -26.567589 398.53359963418484 1186.8300437914095 409.0079376277831 1174.349569557759 245.87064862341916 -26.567963377810205 14.336 14.753 13.655 UCU 36890.46484375
245.871208 -26.568453 392.32913612521907 1158.0307384544967 402.6948960074104 1145.0462763774503 245.87086026144408 -26.5688424983198 15.665 14.211 14.301 AUU 82278.328125
245.87754 -26.555195 203.57880763286363 1599.9807311666768 210.64143676643874 1594.7303939620938 245.87730312117424 -26.555352496538124 13.809 13.2 14.04 UUC 128406.890625
245.877418 -26.554707 207.21749897288032 1616.2471680795538 214.34380520490578 1611.281493520946 245.87717898703855 -26.55485595633292 14.579 14.26 13.37 BDU 118840.25
245.874036 -26.554457 308.0591174343381 1624.5727140366396 316.95015198943906 1619.7527365322808 245.87373779823588 -26.554601574880962 12.419 11.768 11.637 AAA 2217731.75
245.875863 -26.556702 253.57776618745368 1549.7439109762718 261.51537709573415 1543.6144294183564 245.87559676777443 -26.55688586603783 9.251 8.535 8.323 AAA 2372640.5
245.871459 -26.555061 384.89529663900146 1604.43165804985 395.13096433018404 1599.2592120657223 245.8711156955972 -26.55521613900811 14.61 14.064 13.942 AAA 299311.09375
245.874734 -26.559544 287.232451606103 1455.0078527344094 295.7590195092098 1447.2204901572616 245.8744480012247 -26.559777598813824 15.447 14.892 13.808 ABU 79882.734375
245.873569 -26.560732 321.96399027534824 1415.4047362820797 331.0983601051669 1406.9243191670162 245.87326260808376 -26.560986386357165 14.589 14.129 13.595 ABU 193110.625
245.874197 -26.561817 303.23671696107533 1379.2397792494107 312.04335950789414 1370.1264753862754 245.8739015966566 -26.562090375194778 14.664 14.158 14.175 AAA 224414.984375
245.872435 -26.558613 355.78188135759575 1486.0347496871502 365.50806428135365 1478.7903578066753 245.87210876665932 -26.558830301317432 14.154 13.694 13.579 ABA 338982.5625
245.872447 -26.555811 355.43368865703826 1579.4347981231285 365.15377820853644 1573.8249070902832 245.87212098478568 -26.555979266354633 14.462 13.913 13.677 ABB 327957.96875
245.873506 -26.557827 323.85150984338117 1512.2379066618048 333.0189112656403 1505.4520700283863 245.8731985133655 -26.558030548731193 14.615 14.206 14.124 BDC 228490.890625
245.854631 -26.555527 886.6493785868325 1588.8099193162775 905.665742712102 1583.3640929043122 245.8539931799042 -26.555690235364978 14.686 14.315 13.274 BDU 185970.203125
245.853821 -26.554705 910.807721288988 1616.2040070375338 930.2468564115454 1611.2375771606905 245.85316900849355 -26.554853846659785 14.489 14.029 13.771 ABU 288178.78125
245.85702 -26.557512 815.402464748591 1522.6598039941978 833.1720078816913 1516.0563505640962 245.8564239803469 -26.557709983321924 12.301 11.692 14.0 UUB 98253.84375
245.855824 -26.55617 851.0730453109555 1567.3850192991513 869.4668236038972 1561.5642571368865 245.8552070556014 -26.556344493177715 14.713 14.296 14.142 ADA 111140.0390625
245.862737 -26.5606 644.9248379987307 1419.7606992563942 659.7110226637086 1411.356511493381 245.86224102426144 -26.560852045480175 15.88 15.277 14.358 BDU 76919.2578125
245.860678 -26.559666 706.3208107248691 1450.8825799403735 722.1814249125545 1443.02302508933 245.8601459915785 -26.55990169296638 15.159 14.701 14.812 ABC 153541.546875
245.863214 -26.553816 630.7424109153834 1645.8965816450332 645.2804031064027 1641.4497718238213 245.86272640216853 -26.553949327181357 15.198 14.743 14.511 AAB 91856.140625
245.863715 -26.55641 615.7892369460193 1559.4324866929715 630.0655485925747 1553.4725552100986 245.86323615924056 -26.55658872388982 14.433 13.998 13.911 ABB 13977.52734375
245.862842 -26.55825 641.8081378373571 1498.0946048379178 656.539780249511 1491.0612604225814 245.86234787229634 -26.558460920863332 10.544 9.863 9.673 AAA 4746459.5
245.859062 -26.554718 754.537060977137 1615.8062576627653 771.2414595442369 1610.8328671718637 245.8585017328026 -26.554867096725197 15.75 15.308 15.181 BCU 89204.3671875
245.857498 -26.558924 801.1399938808247 1475.5962829855184 818.6599437737392 1468.169217937765 245.8569103388218 -26.559146695322227 14.622 15.16 13.68 UDU 87639.21875
245.860336 -26.55859 716.5248351128996 1486.7472546111564 732.5640197273755 1479.5153315668517 245.85979801100078 -26.55880686167315 15.182 14.69 14.584 ACB 149859.859375
245.865432 -26.555531 564.5989341827327 1588.7409002117367 577.9794155309306 1583.2938659654421 245.86498321295343 -26.555694347050846 13.083 12.58 12.432 AAA 1054516.5
245.866981 -26.55537 518.4136152038843 1594.1145656638373 530.9858534699523 1588.7615705629544 245.86655932329353 -26.555530534340495 15.332 14.726 14.609 AAB 123280.4765625
245.867072 -26.557819 515.6884791620246 1512.481615232272 528.2130275473601 1505.7000434988367 245.86665190679687 -26.558022392102668 14.85 14.41 14.298 ABB 115968.546875
245.866019 -26.556709 547.0905159430969 1549.4769460478055 560.1645999721011 1543.342792603642 245.86558048171918 -26.556892963895965 14.758 14.302 14.257 ABA 210361.46875
245.868272 -26.56356 479.8832330583642 1321.1199266106096 491.78118963688564 1310.9895253262953 245.8678728886324 -26.563863863064128 14.48 13.98 13.931 AAA 315776.71875
245.866629 -26.564404 528.8645069761163 1292.9796379581294 541.6196358481984 1282.3567816223967 245.8662011285063 -26.56472262823023 13.811 13.456 13.421 AAA 277304.0625
245.865483 -26.561615 563.0464273677052 1385.9411065271916 576.39973984664 1376.9450758914172 245.86503508135416 -26.561884817182683 11.873 11.206 11.107 AAA 3497616.0
245.873371 -26.563757 327.85779720480474 1314.5708239888677 337.09530865588886 1304.3258134086727 245.87306113432237 -26.564064323408093 14.346 13.96 13.732 AAA 63168.55078125
245.872579 -26.561283 351.4793347014853 1397.0351751641117 361.1302230587613 1388.2332907294835 245.87225527926944 -26.561547026638387 15.505 15.004 13.808 AAU 153209.734375
245.871965 -26.564249 369.7753502617925 1298.1665810404356 379.7464188913739 1287.6344962086432 245.87163052403235 -26.56456493018609 15.083 14.567 14.436 AAE 106761.2265625
245.871943 -26.563066 370.4354755938101 1337.5998527529357 380.4180964167018 1327.757850176112 245.8716081424849 -26.563361227640844 13.566 13.071 12.954 AAA 458297.0
245.869805 -26.55909 434.1957835978234 1470.125871101002 445.29420981078533 1462.6030738452696 245.8694327350214 -26.559315642289658 12.704 12.12 11.999 AAA 612020.5
245.866793 -26.559217 524.0003345670635 1465.880394518465 536.6703404219872 1458.283301422538 245.8663680185244 -26.55944485625854 15.583 15.181 14.687 BCU 119715.7265625
245.868175 -26.560699 482.7882298103468 1416.4862195851567 494.73702383202794 1408.024728427897 245.86777420104355 -26.560952795305287 14.305 13.897 13.864 EAA 232310.546875
245.853224 -26.553335 928.619972281973 1661.8662227254872 948.3708217969074 1657.6988816231833 245.85256156826173 -26.553459868881927 14.626 14.202 14.17 AAA 234499.234375
245.856634 -26.55294 826.9459750796314 1675.0572426754609 844.9175296435251 1671.1207444222814 245.85603124911754 -26.55305797170593 14.512 13.99 13.901 AEA 304654.03125
245.853003 -26.550455 935.2340160799985 1757.8645659166486 955.1006113613987 1755.37719582019 245.85233671754028 -26.55052946785721 15.395 14.86 14.775 AAB 86581.734375
245.860403 -26.550116 714.5827251802673 1769.2143539774834 730.5879228709221 1766.9256051720893 245.85986622397837 -26.55018456697042 15.566 14.996 15.064 AAC 82119.421875
245.862217 -26.550154 660.4924081599098 1767.957947581336 675.5510253027084 1765.6472116640093 245.86171196989991 -26.550223238680655 14.632 14.137 14.793 UUC 141205.59375
245.859096 -26.552738 753.5369391731506 1681.8064766545435 770.2238356086808 1677.988089995998 245.85853633767678 -26.552852446870325 14.031 13.577 13.415 AAA 359892.15625
245.860736 -26.552935 704.6350502969195 1675.2496178808437 720.4661636771157 1671.3164861937585 245.86020503840234 -26.55305290072137 16.215 15.497 15.04 CCU 73608.6875
245.862785 -26.550749 643.5521842384235 1748.1276677900717 658.314347462596 1745.469901976398 245.86228990763257 -26.550828653195694 14.492 14.013 14.666 UUB 153531.125
245.861223 -26.551498 690.1230932833782 1723.1524155256766 705.7002474158375 1720.057582797376 245.86070056806759 -26.551590755049133 13.975 13.453 13.366 AAA 373064.25
245.855993 -26.543894 846.1286031228948 1976.586239178483 864.4358536775453 1977.9264983641065 245.8553790802131 -26.5438536639804 15.99 15.411 15.283 BBD 43296.6171875
245.854006 -26.545946 905.3635778413445 1908.1720786009544 924.7074404535681 1908.315089976471 245.85335729663686 -26.54594156506491 15.549 15.079 15.021 AAC 124684.6328125
245.858515 -26.546324 770.9060756673852 1895.6028743917211 787.8969319915644 1895.5259246935761 245.85794520200898 -26.546326199567577 15.685 13.976 13.772 BUU 74039.328125
245.85785 -26.547327 790.7285460733664 1862.1652932008496 808.0662956296503 1861.5031858318646 245.85726855932865 -26.54734674934566 14.322 13.942 13.753 AAA 300885.96875
245.856658 -26.546658 826.2776588157611 1884.457429119752 844.2375178450372 1884.1854341293476 245.85605570270388 -26.546666036839223 14.81 14.431 14.186 AAA 49943.37109375
245.85899 -26.549002 756.7234547810976 1806.33916855651 773.466115239767 1804.700104006249 245.8584285011774 -26.549051066464738 14.855 14.444 14.196 AAA 189791.1875
245.856096 -26.550283 843.008128824101 1763.620258984931 861.2607710785228 1761.2336135171674 245.8554838479866 -26.55035447189884 15.154 14.789 14.67 ABB 131573.1875
245.855195 -26.547943 869.8927348499035 1841.6139848466967 888.615857709777 1840.592229581514 245.85456709295644 -26.547973517943557 12.532 11.923 11.771 AAA 1841624.25
245.857444 -26.55081 802.8094870772666 1746.062638487134 820.3586531011188 1743.368734660659 245.85685543607818 -26.55089070014354 15.583 15.083 15.187 AAU 107646.421875
245.858112 -26.551636 782.8851893956345 1718.5336291296126 800.0856802100582 1715.3579676393808 245.85753512232438 -26.55173115790409 15.723 15.098 14.926 BAU 87166.21875
245.857164 -26.548464 811.175869020539 1824.2608026267258 828.8714467283985 1822.9353666726934 245.85657054822929 -26.54850364397926 15.025 14.595 14.495 AAA 161676.09375
245.87402 -26.549986 308.5496768013246 1773.6060148477843 317.44929614534783 1771.3941201076204 245.87372153005242 -26.55005233235512 15.625 15.559 14.899 UCU 18629.49609375
245.874936 -26.551231 281.23278322564386 1732.1083877737994 289.65435693209264 1729.1702845598409 245.87465355747085 -26.551319121742765 14.221 13.745 13.742 EEA 266958.78125
245.868466 -26.542759 474.1919735952669 2014.4874449134493 485.9903331331842 2016.4909751994346 245.86807035716092 -26.54269884617912 15.182 14.732 14.65 CCC 64815.6953125
245.872494 -26.547115 354.0619883905626 1869.3016289466077 363.7580731873975 1868.7644074531734 245.87216883243815 -26.547131086479833 14.535 14.062 13.918 AAA 154931.34375
245.870606 -26.547575 410.35828790822615 1853.962113719762 421.0395579466202 1853.1564507098578 245.87024779071186 -26.547599131898707 15.294 14.732 14.391 ADB 106464.3828125
245.870531 -26.546364 412.59944836625067 1894.3285194721066 423.31993871266013 1894.2292685628684 245.87017148205766 -26.54636693920934 14.079 13.55 13.588 AAA 378438.46875
245.868276 -26.553179 479.81078986432885 1667.1533288138835 491.7074786869547 1663.0785120681264 245.86787699538746 -26.553301195622137 14.695 14.192 13.97 AAA 248948.6875
245.866897 -26.551937 520.9349355921702 1708.5475456849476 533.5512969650332 1705.1971277344342 245.86647386605947 -26.55203745659959 14.98 14.502 14.301 AAA 160064.828125
245.86857 -26.550007 471.05855700473654 1772.8878472008157 482.8020817523194 1770.66338452683 245.8681761517865 -26.550073686457818 14.756 14.26 14.271 ABA 208738.984375
245.866825 -26.550751 523.0876025216097 1748.0805680392818 535.741635565738 1745.4219779799691 245.86640061046015 -26.550830701386158 14.177 13.651 13.661 AAA 351335.53125
245.868582 -26.548372 470.7079824739041 1827.387898195188 482.44537216719755 1826.1171864136038 245.86818836750214 -26.54841007399472 10.408 9.709 9.542 AAA 3844785.75
245.871284 -26.551056 390.1281737634822 1737.931089087762 400.45541680434314 1735.0948831467979 245.87093764516132 -26.551141051088916 13.194 12.572 12.463 AAA 1118116.875
245.867752 -26.5441 495.4772515678342 1969.7845345204018 507.6481034702713 1971.0057638745088 245.86734385769 -26.5440633116399 14.911 14.44 14.499 BCC 92277.125
245.866861 -26.545639 522.0390897726496 1918.4807359641936 534.674773843671 1918.804148843567 245.86643725969927 -26.545629241505996 15.368 14.856 14.493 AAB 45375.0859375
245.865284 -26.545534 569.0646673208213 1921.973564212253 582.5232989989357 1922.3581015859675 245.86483266276292 -26.5455223991074 14.01 13.472 13.335 AAE 440528.59375
245.860061 -26.54546 724.8114648973899 1924.4123473636976 740.9956655330943 1924.8395634425622 245.85951826118702 -26.545447085676543 15.092 14.723 14.274 ACB 155306.671875
245.858157 -26.544851 781.5918362568508 1944.7006061970287 798.7696933913458 1945.4828668054768 245.85758094453095 -26.544827420617082 15.222 14.688 14.785 ABC 96054.8671875
245.865347 -26.551926 567.1523575882774 1708.907179921773 580.5775238460723 1705.563055570404 245.86489673972898 -26.55202625929229 11.454 11.032 10.875 AAA 3944631.0
245.865269 -26.548994 569.4936490653398 1806.640152685411 582.9597879239833 1805.0063553574057 245.8648173864051 -26.549042949050936 13.785 13.344 13.25 UAA 377518.40625
245.861021 -26.548561 696.1650664890973 1821.0512736045262 711.8479551526566 1819.6696708926054 245.86049504660448 -26.5486023568081 14.445 14.016 13.817 AAA 194268.140625
245.864679 -26.549858 587.0818123398127 1777.8373162326525 600.8557440557595 1775.699469266724 245.86421705761163 -26.54992206713476 13.751 14.375 14.312 UBB 85545.6953125
245.862769 -26.547323 644.0496261434763 1862.3275922133885 658.8204946009872 1861.6683250771227 245.86227364267455 -26.54734269815033 13.613 13.246 13.12 EAA 295380.75
245.861455 -26.544125 683.2516933342106 1968.9204130947965 698.7085979675593 1970.1265203239554 245.86093666215572 -26.544088728431383 10.47 9.779 9.588 AAA 3383268.0
245.863399 -26.546082 625.2709176769054 1903.697564827906 639.7131587362512 1903.7622722123945 245.86291467311227 -26.54607998284497 13.621 13.263 13.044 AAA 179459.46875
245.819707 -26.574444 1927.644869302994 957.8491445483605 1964.8786545157968 941.3615045779568 245.8184577505749 -26.574938048305004 8.851 8.038 7.832 AAA 4719440.5
245.816484 -26.570841 2023.7931530138926 1077.8985784444196 2062.7095331916357 1063.511803567197 245.8151783758226 -26.57127196664113 15.504 15.197 15.009 AAB 0.0
245.81919 -26.553267 1943.4232893565124 1663.7416135836995 1980.9331969202512 1659.6070918214143 245.8179319371943 -26.553390446751937 15.753 15.369 15.132 AAC 49531.6875
245.824046 -26.558449 1798.5473778207515 1491.0805128442635 1833.5219569326148 1483.9244218190381 245.82287286839966 -26.558663173575628 14.144 13.61 13.484 AAA 235767.53125
245.822378 -26.556295 1848.315851219909 1562.8563247664124 1884.1613786162575 1556.9563104498245 245.82117569826548 -26.55647146454558 15.769 15.364 14.009 ABU 32498.33984375
245.82299 -26.555115 1830.087337971272 1602.1986378093766 1865.6138663857696 1596.9871139710406 245.82179842167272 -26.555270819773863 14.053 13.551 13.486 AAA 266255.75
245.817509 -26.557257 1993.4755827560193 1530.7152362017664 2031.86140545425 1524.2527528352973 245.81622147235765 -26.55745025646043 15.563 15.185 14.652 ABU 21346.9375
245.821111 -26.561504 1886.0060608142603 1389.2040722874103 1922.5111668785098 1380.26514355244 245.81988646725068 -26.561771611005625 15.022 14.578 14.65 ABB 52281.77734375
245.820682 -26.559937 1898.8232307250794 1441.4309722647702 1935.5526372627683 1433.4060142794037 245.8194499758753 -26.56017718479802 11.191 10.75 10.596 AAA 2392320.0
245.821943 -26.558348 1861.252064130481 1494.4165355199689 1897.3239752527643 1487.3188248915683 245.82073306306714 -26.558560388273882 15.361 14.565 14.284 ABB 54443.40625
245.817425 -26.559471 1995.9409026431954 1456.9138637265144 2034.3698684394512 1449.1598563417283 245.81613597690182 -26.559703000636887 15.55 14.979 14.882 AAB 39051.09375
245.817539 -26.562866 1992.481825197248 1343.7489386131358 2030.8502571382005 1334.0145450388657 245.8162519333702 -26.563157414092913 14.476 14.426 13.762 UAU 28726.173828125
245.818294 -26.561811 1969.9900853627944 1378.9275215606926 2007.964911856643 1369.8087531880046 245.81702015971086 -26.562083958490714 15.757 15.431 14.446 ABU 43465.21484375
245.825544 -26.549185 1754.02771453619 1799.9018398100386 1788.2231995405734 1798.1501220067144 245.82439718043508 -26.54923706609507 15.899 15.272 15.752 BUU 29676.5078125
245.823736 -26.549477 1807.9346676023354 1790.142854339761 1843.0735242853764 1788.2203542907068 245.82255753661232 -26.549534161162445 15.856 15.178 14.728 BCU 45748.8046875
245.82307 -26.542467 1827.907651245995 2023.7999694655314 1863.3960351428 2025.9664689311783 245.82187995529375 -26.542401480692515 17.003 15.781 16.008 UBU 26280.17578125
245.826882 -26.546658 1714.1692953128654 1884.1536934487904 1747.6672579808408 1883.8763830841442 245.82575862118742 -26.5466658544226 14.929 14.552 13.881 ABU 105711.8203125
245.825094 -26.545004 1767.511775144328 1939.2622438542826 1801.943231209354 1939.9493331217325 245.8239393480631 -26.54498289499153 15.999 15.276 15.336 AAU 55762.64453125
245.827128 -26.544682 1706.863856223654 1950.0237360290703 1740.233973707568 1950.899151409579 245.8260089458095 -26.544655276413366 16.23 15.595 16.042 BBU 32095.4765625
245.820281 -26.543299 1911.0618882297897 1996.0251442984077 1948.005471273811 1997.7055843236299 245.81904214038153 -26.543248016632745 14.991 14.56 14.388 AAA 38382.13671875
245.818068 -26.54253 1977.0668868040607 2021.6242865529805 2015.165557323132 2023.7527115676576 245.81679042268902 -26.542465539383144 14.021 13.28 13.121 AAA 247643.546875
245.823655 -26.551348 1810.31981250027 1727.774996119782 1845.500409219025 1724.761058551878 245.8224750994931 -26.55143790294881 15.122 14.629 14.575 AAB 55352.90625
245.822212 -26.549961 1853.369803519131 1773.9873041292246 1889.3037750807157 1771.7820819514861 245.82100686072306 -26.550026618254773 14.788 14.381 14.304 AAA 60904.0625
245.818424 -26.546803 1966.376281022687 1879.1964713261452 2004.2878659405842 1878.8324095743528 245.81715260428587 -26.546813320012525 17.216 15.458 15.485 UBU 21646.9921875
245.818579 -26.549801 1961.70208528619 1779.2655138720038 1999.5318717786981 1777.152660364764 245.81731028305663 -26.549863786345547 15.792 15.293 14.907 BBU 27974.251953125
245.866513 -26.598867 532.1517673446685 144.21172828873318 544.9644232732003 113.48543353378591 245.86608296670764 -26.59978872969051 14.95 14.451 14.409 AAA 99451.96875
245.865153 -26.60149 572.673228506074 56.77202022377742 586.1950100049304 24.515530577693426 245.86469914502598 -26.60245762780915 15.021 14.58 14.491 ABA 56112.0546875
245.861092 -26.597788 693.7340253804932 180.1508819334117 709.3743708246519 150.0535223672464 245.86056705992317 -26.598690828799807 12.946 12.245 12.051 AAA 322942.875
245.857812 -26.599482 791.4845983346036 123.66415376432315 808.8355788054592 92.57827645519865 245.85722962491542 -26.600414460803904 16.136 15.31 15.382 AAU 52043.203125
245.863544 -26.602087 620.6256833380315 36.8640206249097 634.9866327964471 4.259140985845534 245.86306197116434 -26.603065069922714 15.113 14.67 14.606 ABB 0.0
245.842151 -26.597773 1258.2847351415317 180.50087289749376 1283.8047180065087 150.4096381731997 245.84129444102797 -26.59867547313534 15.09 14.512 14.32 AAA 59077.0390625
245.843559 -26.599747 1216.296655744844 114.71481509686282 1241.081847220379 83.47232436105787 245.84272707770566 -26.600684026514237 15.108 15.387 14.886 UAB 24324.837890625
245.84642 -26.599503 1131.026365720063 122.87523819489866 1154.3193271201642 91.77555486330925 245.84563817064097 -26.600435772965483 15.843 15.281 14.68 ABU 30030.0625
245.85066 -26.598511 1004.6609249456562 155.97857047679463 1025.7424911322053 125.45819546013831 245.84995241190703 -26.59942643549354 12.732 12.158 11.986 AAA 949417.6875
245.853199 -26.600977 928.963841163469 73.79839489394271 948.72070838383 41.83986680458656 245.85253585049145 -26.601935602783236 15.435 14.923 14.713 AAB 62114.26953125
245.847308 -26.600573 1104.548604525379 87.2165425399653 1127.3782051045732 55.492832034414505 245.84654171070193 -26.601524502813966 14.591 14.119 13.939 AAA 44139.1015625
245.854858 -26.601473 879.513527248864 57.27725019021955 898.4050139757192 25.02960206854823 245.8542238942959 -26.602440290425825 14.885 14.492 14.369 AAA 102142.3984375
245.872937 -26.575985 340.75699525128744 906.9694335579416 350.22024266818505 889.5913986452055 245.8726195036997 -26.576506312327002 15.69 15.166 15.055 AAC 97613.703125
245.871661 -26.578733 378.7863693937032 815.365431208319 388.915130858093 796.3843262544644 245.87132115951556 -26.579302399305085 14.981 14.582 14.43 AAB 151866.5625
245.861436 -26.576954 683.6118492761502 874.6200536127499 699.0750566384829 856.675904550973 245.86091717859375 -26.577492235611683 15.553 15.002 15.003 AAC 46050.875
245.864588 -26.57579 589.6534626376143 913.4366644111503 603.4723982337727 896.1718060383454 245.86412435841595 -26.5763078766411 15.071 14.513 14.402 AAA 152200.46875
245.869644 -26.585594 438.8860255862429 586.6582614347856 450.0665310340022 563.6747810098943 245.86926882899408 -26.586283461547996 15.913 15.407 15.296 BBU 58252.140625
245.87124 -26.583569 391.31858587815094 654.1639488834019 401.6666611310187 632.3618179888613 245.87089277499177 -26.58422302819129 16.007 15.418 15.292 AAU 65616.75
245.867438 -26.583138 504.65608081226014 668.5162082691936 516.9875622264748 646.9652419139045 245.86702421952347 -26.58378447540827 15.004 14.577 14.511 AAA 130456.0625
245.868501 -26.583555 472.9666799026431 654.620568940652 484.7435968009395 632.8264288971134 245.86810582665484 -26.584208775958672 15.595 15.17 14.884 AAB 85052.96875
245.866285 -26.577642 539.0541145241193 851.7112762950969 551.9875615282915 833.366223630261 245.86585105657522 -26.57819229202948 15.429 14.954 15.002 AAU 106817.0078125
245.868233 -26.580757 480.96825794741096 747.8862158618078 492.88520246149074 727.7242246393894 245.86783314502776 -26.581361810253842 15.304 14.849 14.73 AAB 117677.890625
245.868217 -26.579542 481.4507184832677 788.3861737262944 493.3761060567249 768.9329317665045 245.8678168692553 -26.580125547729285 14.217 13.775 13.494 AAA 91981.4375
245.85223 -26.578857 958.0368163279846 811.1249815389397 978.3024606137244 792.0696687158711 245.8515500182341 -26.5794284988291 15.057 14.639 14.526 ABB 130215.0078125
245.857142 -26.586199 811.5524933870367 566.4268629802846 829.25466202131 543.0893330824395 245.85654796439673 -26.586899005924842 15.563 15.191 14.267 ABU 27663.70703125
245.855374 -26.584538 864.2674268870826 621.7814822026589 882.8921068576067 599.4126581412054 245.85474902264235 -26.585208930797872 14.741 15.219 14.259 UBU 59603.0
245.856881 -26.584763 819.3433067583227 614.2918267595437 837.1818146265935 591.7919337278356 245.85628240290475 -26.585437874852584 14.532 14.136 14.057 AAA 63045.24609375
245.85771 -26.582754 794.6461204775728 681.2640083969284 812.0524275859304 659.9361285438745 245.85712592577306 -26.583393720886352 16.24 15.57 15.949 BUU 33652.66796875
245.852659 -26.58107 945.2290791279436 737.3615823581627 965.2705880126828 717.0154100494303 245.8519865147008 -26.581680228346332 16.343 15.526 15.424 BBU 61130.20703125
245.85905 -26.576204 754.7464414053701 899.6059684833469 771.4545041299641 882.0990729318055 245.85848941594665 -26.576729101465475 15.549 15.124 14.273 BBU 81403.2109375
245.858001 -26.580379 785.9885672471236 760.4326070489299 803.2433671739483 740.4901776722861 245.8574220321225 -26.580977159639534 15.506 15.152 14.821 AAB 83412.5546875
245.857017 -26.579653 815.3272655190838 784.6261807906269 833.0954926656677 765.1071389544627 245.8564208107488 -26.580238450540875 15.223 14.705 14.856 AAB 131406.90625
245.866562 -26.596476 530.7031480338577 223.91203423080742 543.4904531244503 194.58049482984643 245.86613283371392 -26.597355887425127 15.453 14.96 14.79 AAB 75614.453125
245.867478 -26.594919 503.4081263759663 275.81605702151046 515.7177685875457 247.39283801938677 245.86706487657003 -26.595771642722767 14.99 14.576 14.351 AAB 77333.84375
245.867762 -26.58676 494.9809705731369 547.7841512345769 507.1431375581668 524.1203738811819 245.86735387826516 -26.587469861277306 15.768 15.476 15.591 AAU 63682.484375
245.869387 -26.587912 446.5371300030106 509.39057375770653 457.8515297780633 485.0549087984664 245.86900732211384 -26.588642025804564 14.861 14.447 14.476 AAA 16035.84375
245.86652 -26.587246 532.0008409589842 531.5787935112771 544.8108556757664 507.63142239772446 245.86609013359364 -26.587964362562943 15.443 14.949 15.016 AAC 93501.265625
245.860792 -26.589922 702.7265222322269 442.3494184907147 718.524236371291 416.8405333143021 245.8602618445268 -26.590687172926767 15.467 15.183 14.11 AAU 46148.18359375
245.861942 -26.590319 668.4451291031553 429.12256985102795 683.6429188624605 403.3822148234208 245.86143197553076 -26.59109112467248 15.05 14.652 13.834 AAU 43551.9765625
245.86109 -26.587189 693.8612332269031 533.4512063874392 709.503804808374 509.53660249921927 245.8605650742776 -26.58790634661805 15.727 15.379 14.748 UBU 34049.8671875
245.867679 -26.590973 497.43543132841944 407.35035850696954 509.64055137666685 381.2289897808414 245.8672694099317 -26.591756588428776 15.6 15.136 15.377 AAC 82894.703125
245.859375 -26.582523 745.0146360898258 688.974511950121 761.5523922213978 667.781565909248 245.858820073848 -26.58315868513736 15.656 15.118 14.325 ABU 90048.796875
245.865661 -26.582895 557.6289012486217 676.608321381709 570.8874070204726 655.1989670058888 245.86521611279736 -26.583537217485617 12.174 11.963 11.904 AAA 1539601.375
245.862567 -26.578465 649.8863793153029 824.2595803569338 664.7593909533207 805.4341230131802 245.86206796979792 -26.57902968218047 14.826 14.261 14.369 AAA 86879.359375
245.860399 -26.579288 714.5107102032233 796.8140472134514 730.5146476317798 777.5082930396868 245.85986201502908 -26.57986707667798 15.186 14.762 14.724 AAB 124820.0234375
245.861229 -26.58119 689.7558953616042 733.4188039616158 705.3266235304324 713.003633030944 245.8607065354713 -26.581802364769622 15.495 14.916 14.863 AAB 77062.25
245.863817 -26.585629 612.582318989981 585.465958652459 626.8025095723057 562.461612928877 245.8633398207239 -26.586319056378226 16.226 16.162 15.456 BUU 53209.3203125
245.824789 -26.57596 1776.117191338845 907.3907439823499 1810.6992421872749 890.020082002041 245.8236286920505 -26.576480621803523 15.819 15.23 15.082 AAU 21590.390625
245.83031 -26.583874 1611.4145018474921 643.66516786032 1643.1142556298234 621.6793082978754 245.82924626018573 -26.58453316023003 13.909 13.4 13.248 AAA 229866.578125
245.827562 -26.582817 1693.3466054213675 678.8622636953116 1726.4801710162415 657.4923533099795 245.82645016462655 -26.58345764149589 13.225 12.648 12.482 AAA 387427.6875
245.830867 -26.575928 1594.9237837689043 908.5391842349077 1626.3349499848603 891.1886199590185 245.82981308522983 -26.57644810966381 15.253 14.67 14.591 AAB 33816.94921875
245.829258 -26.575678 1642.89404612922 916.8517131418607 1675.1446919364814 899.6466181218432 245.82817592275327 -26.576193722448725 14.12 13.777 13.6 ABA 157857.1875
245.830221 -26.580786 1614.1120078488989 746.5974436127171 1645.8589679862548 726.4128988759396 245.82915573135472 -26.58139111965522 15.058 14.689 14.481 AAB 49554.1015625
245.838576 -26.586594 1364.9770099483403 553.0969243259183 1392.3641076224364 529.5261205016218 245.83765694114052 -26.587300818457095 15.66 15.525 14.943 UAU 27672.09765625
245.839433 -26.587479 1339.4203646542921 523.6062002544074 1366.3602210357424 499.51930875885955 245.8385289368979 -26.588201311488103 15.259 14.776 14.613 AAA 62109.96484375
245.841446 -26.589893 1279.3882809709178 443.16063670144035 1305.277575887909 417.66594784371546 245.84057715864898 -26.590657569108025 15.772 15.099 15.013 AAB 25799.013671875
245.832137 -26.586395 1556.917733789405 559.6548975336705 1587.6637941307197 536.1988582405097 245.8311052202401 -26.587098291265956 15.213 14.691 14.93 AAB 65193.1171875
245.842204 -26.575806 1256.9529669254323 912.7354010789427 1282.4496438466274 895.4582705978241 245.84134853570572 -26.576324051644853 15.728 15.199 14.002 BCU 58193.09765625
245.84412 -26.576565 1199.8260231412385 887.4543246794556 1224.3229785462102 869.734775361346 245.84329806894308 -26.57709634555768 14.825 14.229 14.222 ABB 135767.65625
245.838797 -26.576569 1358.5113247391107 887.2662644605718 1385.7852729220454 869.5434240886318 245.83788189142064 -26.57710038267576 15.136 14.677 14.049 ABU 160807.078125
245.836588 -26.576733 1424.362315710955 881.7749464600674 1452.788656235897 863.9560080231186 245.83563422216847 -26.57726723799019 14.705 14.388 13.768 AAU 24919.19140625
245.836709 -26.576977 1420.7520554006103 873.6429871860339 1449.115216370121 855.6817394617894 245.835757338179 -26.57751550880413 14.323 13.856 14.473 UUB 16591.91796875
245.843686 -26.584558 1212.6769744438454 621.0165883835143 1237.3988214966128 598.6343786802258 245.84285641307525 -26.585229220311916 15.601 15.138 15.014 AAB 59091.671875
245.841539 -26.582018 1276.7064003256392 705.661820713219 1302.548762331338 684.7609025757001 245.84067184737083 -26.582644757421466 15.498 14.854 14.763 AAB 49826.375
245.843456 -26.583208 1219.5478844796826 666.0143720766455 1244.3899724580772 644.4196235879867 245.8426223966945 -26.583855593988122 14.704 14.364 14.254 AAA 98605.921875
245.843061 -26.580044 1231.357657209834 771.4772201624323 1256.4064162110062 751.7280715152749 245.8422205055269 -26.580636221717022 16.148 15.529 15.204 BAU 32514.24609375
245.84112 -26.576725 1289.2579577129557 882.0909555396127 1315.3199719729325 864.2775472615558 245.84024555361458 -26.577259127455992 15.395 14.903 14.81 AAB 88215.8671875
245.83953 -26.577536 1336.6480826934442 855.0408378669208 1363.5394241405795 836.754052529592 245.8386277146199 -26.57808430989048 15.477 15.015 14.51 ABU 71222.828125
245.84035 -26.578735 1312.1889430511476 815.0828650915246 1338.6522495545428 796.0968152306261 245.83946205914654 -26.57930429758251 15.666 15.224 15.256 AAC 68115.3203125
245.840576 -26.583706 1305.393514941257 649.3851175373366 1331.7379014527291 627.4993570942399 245.8396919762948 -26.584362291375477 15.663 15.322 15.04 AAU 52026.90625
245.833491 -26.580318 1516.6390899137466 762.2383893491126 1546.6802739872373 742.3275611627221 245.83248297800532 -26.58091495378529 15.487 15.055 14.698 ABB 66453.25
245.835641 -26.580757 1452.5412601980865 747.6306013731582 1481.4607322515533 727.4641368971884 245.8346706105586 -26.581361651403235 15.49 15.007 14.884 AAB 63008.078125
245.83296 -26.582886 1532.4332000198817 676.6318412466499 1562.7507810202299 655.2228984684662 245.8319426595279 -26.583527889882333 15.791 15.306 14.752 AAU 26432.14453125
245.847012 -26.585562 1113.5215555317734 587.5810845496596 1136.5081827535796 564.6137535292785 245.84624063095828 -26.586250809229075 15.801 15.607 15.244 UBU 32239.83203125
245.850926 -26.581718 996.8841140666611 715.7479177034372 1017.8295860628277 695.0235062632473 245.85022317379756 -26.582339559853775 15.843 14.736 15.125 AUC 15736.0576171875
245.849924 -26.595789 1026.6230726341305 246.70595293441852 1048.0889764052279 217.7733071107707 245.84920354333974 -26.5966567968579 14.43 13.978 13.914 AAA 124005.6875
245.845664 -26.588875 1153.6695679496913 477.135323909054 1177.358785388811 452.23519207746244 245.84486900937162 -26.58962177911758 15.446 14.946 14.842 AAB 80733.859375
245.845668 -26.59193 1153.5186054000053 375.3019288630528 1177.2051809945056 348.6197126181562 245.84487305784955 -26.592730241539012 15.711 15.128 15.022 AAB 30996.93359375
245.844646 -26.593691 1183.9628736521454 316.59223544377005 1208.182223941058 288.8825995640359 245.84383315290796 -26.594522053126912 16.055 15.447 14.857 AAU 11689.865234375
245.847159 -26.594437 1109.0509049199843 291.7487893148643 1131.9592957560842 263.60439312787435 245.84639014381054 -26.595281122248682 15.561 15.257 14.845 AAB 30083.330078125
245.864559 -26.597437 590.3994580386552 191.86930577735598 604.2314485543317 161.97701862845952 245.86409476162527 -26.598333698521536 14.881 14.489 14.397 AAA 46619.54296875
245.863545 -26.59342 620.6456227545937 325.76434973991763 635.0069211527991 298.215225860366 245.8630630257423 -26.594246397740022 11.49 10.839 10.642 AAA 3346248.25
245.862002 -26.596073 666.6213356343687 237.3227146385209 681.7872090079702 208.22586214469493 245.861492999954 -26.596945819710413 15.384 14.895 14.589 AAA 88417.2578125
245.863797 -26.595308 613.1235785717969 262.83224193688784 627.3532411968034 234.18180617078315 245.86331942958816 -26.59616743854003 14.589 14.187 13.962 AAA 113327.2734375
245.857468 -26.587898 801.8224054152353 509.7956343003434 819.354297510002 485.46705790059923 245.85687966254966 -26.58862773975225 14.794 14.507 14.278 AAA 116617.1015625
245.858633 -26.588152 767.0939432233347 501.3364409345627 784.0180872297431 476.8598286509175 245.85806505630364 -26.58888618953872 14.502 14.034 13.995 AAA 148843.1875
245.856341 -26.591761 835.3869648267406 381.0213165672319 853.5062367112084 354.43918960715837 245.85573291191926 -26.592558337342282 15.477 15.001 15.049 AAC 55344.34375
245.857938 -26.59182 787.7842737169566 379.0652419014914 805.0704985070034 352.4488836347673 245.85735787040073 -26.592618376594075 15.318 14.932 14.662 ABA 82149.3046875
245.859775 -26.596693 732.9955394419832 216.6431953137726 749.322961382218 187.18445123176343 245.85922700720573 -26.597576661308977 15.933 14.411 14.326 AUU 34583.21484375
245.85687 -26.594578 819.5978444420414 287.12479844783456 837.4408067197771 258.8994824206716 245.8562711581887 -26.595424637023125 14.244 13.744 13.521 AAA 223663.96875
245.862234 -26.592398 659.7286461561637 359.8241075166304 674.7738974638966 332.87102939817123 245.86172907821515 -26.593206508166546 14.579 14.145 14.035 AAA 156913.96875
245.853723 -26.592552 913.4159326379522 354.63597258176924 932.9007114591166 327.5921021019501 245.85306907383284 -26.59336316805762 15.412 14.998 14.859 AAB 53160.3828125
245.852291 -26.593208 956.0940175198217 332.75840627188904 976.3256628264185 305.33167838164695 245.85161199958898 -26.5940306412418 15.512 15.184 14.921 ABB 51318.75390625
245.854058 -26.590118 903.4505259994206 435.77185846927387 922.7609102044107 410.147865992486 245.85340995273688 -26.59088657468619 15.728 15.12 14.989 ABU 23372.548828125
245.854955 -26.588226 876.7280728462672 498.84508023925423 895.5708141210769 474.324869143441 245.85432266696063 -26.58896146882791 16.25 15.855 16.135 ABU 42754.5703125
245.845223 -26.587183 1166.8326920686923 533.5312484791418 1190.7522641798944 509.6180453275267 245.8444203010076 -26.587900166662337 14.422 14.646 14.645 UEC 104202.21875
245.846189 -26.586815 1138.0414532043244 545.8069047415308 1161.4571786354002 522.1085255745074 245.845403214705 -26.587525732133418 14.622 14.172 14.023 AAA 125258.859375
245.848 -26.59008 1084.026155046702 436.9897217455293 1106.4966127600192 411.38704187607595 245.84724589675244 -26.59084787945755 15.672 15.107 14.94 AAB 60457.87109375
245.851678 -26.588326 974.4087457555667 495.4870905849241 994.9608988062892 470.9081146701601 245.85098829749907 -26.589063203408735 15.684 15.095 15.692 AAU 52274.296875
245.85394 -26.591299 906.9581116502978 396.4042862896672 926.329878604178 370.09136129973626 245.85328988012066 -26.592088241604888 15.422 15.039 14.182 BCU 76007.5546875
245.852464 -26.591497 950.9521669825091 389.7931355161056 971.093829904703 363.3645153876373 245.85178803861248 -26.59228969963245 15.804 15.272 15.162 ACD 50364.59375
245.82173 -26.570223 1867.4056461983741 1098.5798105933318 1903.585245006846 1084.554957278715 245.8205162073153 -26.5706431986466 15.315 15.698 15.158 UBU 11626.98046875
245.827836 -26.572132 1685.3392674166696 1035.0329014685171 1718.3327045964616 1019.8959772442162 245.82672906611563 -26.57258565647422 14.746 14.312 14.347 ABB 73537.40625
245.828572 -26.574251 1663.3658986020885 964.4093576575392 1695.9748018276252 948.0365214165461 245.82747792848699 -26.574741744678736 10.862 10.287 10.173 AAA 3975336.0
245.823688 -26.565273 1809.1116352001902 1263.6085835810916 1844.2710888161937 1252.4717337937607 245.8225085313358 -26.565606590430868 15.844 15.441 15.261 ABU 24234.6484375
245.825445 -26.567707 1756.68999485204 1182.5001692404778 1790.9320697619507 1169.943922202186 245.82429625916882 -26.56808319991143 15.702 15.113 14.274 AAU 41186.86328125
245.823386 -26.568165 1818.0687390694386 1167.2041622713673 1853.3849420031538 1154.3802351111162 245.8222012150572 -26.568549197821426 11.198 10.741 10.595 AAA 1854664.875
245.826948 -26.570385 1711.839345739749 1093.254236363944 1745.2965342901948 1079.1361855003129 245.8258255399674 -26.570808076980146 11.102 10.474 10.28 AAA 2874314.75
245.82364 -26.571415 1810.4437559901164 1058.8744299001787 1845.6265217199436 1044.1547324234318 245.82245962688114 -26.57185607487081 15.415 14.882 15.025 AAC 21531.203125
245.824917 -26.572472 1772.3563698314622 1023.6593061612605 1806.8726063035128 1008.3233440190825 245.82375896847302 -26.572931582958663 15.654 15.741 14.898 UCU 19992.4140625
245.844328 -26.573408 1193.65917018966 992.6897220605456 1218.0482056679791 976.8117921966051 245.84350973283887 -26.57388409933413 14.627 14.118 13.967 BDC 207519.109375
245.841567 -26.570768 1276.000563572242 1080.6623410890704 1301.8305734347564 1066.3239320581292 245.84070042402334 -26.57119788284442 15.452 15.03 14.705 ABU 100518.9609375
245.837169 -26.56922 1407.1366263427037 1132.215018210187 1435.261517303701 1118.7787810288653 245.83622545530133 -26.569622764573243 14.806 14.26 14.196 ABB 148265.90625
245.838489 -26.569651 1367.777956076857 1117.8630279885958 1395.214070308202 1104.1756309783962 245.83756855646902 -26.57006131581144 14.571 14.85 13.729 UCU 31373.349609375
245.834265 -26.57291 1493.6648240174634 1009.1812170676883 1523.303958437769 993.5918883663728 245.83327059244317 -26.573377319487957 13.352 12.802 12.635 AAA 517478.15625
245.835526 -26.572384 1456.0784688937001 1026.729450351279 1485.05984209934 1011.4472157324262 245.83455366967712 -26.57284212331752 15.524 15.122 13.492 AAU 47943.9375
245.837433 -26.570408 1399.2510663808832 1092.6179670171582 1427.2379600425488 1078.4887814399585 245.83649406634294 -26.570831556316723 15.58 13.957 13.922 AUU 53914.6171875
245.840284 -26.573845 1314.2140819736212 978.0822711624701 1340.7128284081598 961.9487109078133 245.8393949423863 -26.574328722275926 15.076 14.674 14.746 ABC 109782.2421875
245.839402 -26.57012 1340.5529961751392 1102.2396058850597 1367.5126736082043 1088.2787989880483 245.83849753350972 -26.570538529225544 15.041 15.075 14.235 UBU 21917.19921875
245.837765 -26.571491 1389.3397219486096 1056.521658802157 1417.1531670827103 1041.7607878311946 245.83683186861754 -26.571933511004552 15.117 14.643 14.853 AAB 79869.1875
245.825141 -26.564013 1765.8113991591001 1305.629303742375 1800.2130986443844 1295.2278165578664 245.82398697598302 -26.564324552509653 15.538 15.051 14.831 AAB 66137.859375
245.827977 -26.564123 1681.255729589789 1302.0016160378184 1714.1777048576105 1291.5366443184803 245.82687261264888 -26.564436500268318 13.376 14.55 12.727 UBU 24969.767578125
245.826964 -26.561985 1711.490424514808 1373.2546095332482 1744.9415069438173 1364.03656520008 245.8258419036466 -26.562261077298103 15.108 14.698 14.556 ABB 97481.078125
245.829927 -26.564037 1623.1186906623884 1304.8940010350138 1655.0232677489803 1294.4796460531265 245.82885674382837 -26.564349010339797 14.266 13.884 13.815 AAA 34180.84375
245.828775 -26.563208 1657.4772759257344 1332.5122621323212 1689.9831282544349 1322.5812267196368 245.82768458869396 -26.563505494011164 12.768 12.312 12.031 UAU 908636.25
245.829468 -26.558767 1636.8804861399897 1480.5547731939205 1669.0258946474396 1473.214481724814 245.8283897604798 -26.55898678193557 15.723 15.158 15.115 ABC 51226.58203125
245.829319 -26.561031 1641.289918723125 1405.086124505139 1673.51249230078 1396.4251316839789 245.82823813098668 -26.561290400750803 15.437 14.935 14.72 ABB 34281.61328125
245.832356 -26.564821 1550.6883526171132 1278.7914519150108 1581.3253987879127 1267.9203023235236 245.8313282508342 -26.565146748434742 14.83 14.363 14.417 AAA 47615.1640625
245.832446 -26.566422 1547.982932766786 1225.4258740754344 1578.572634090205 1213.6208268717546 245.83141981151724 -26.566775766560504 15.489 15.023 14.614 AAA 21441.3125
245.827886 -26.567553 1683.9173703119184 1187.666999765756 1716.885924292377 1175.2011722616567 245.8267799862453 -26.567926524478306 15.861 15.29 15.29 AAU 50113.640625
245.833007 -26.569288 1531.2181329678633 1129.8993974315492 1561.514450294801 1116.4226368866011 245.8319906049209 -26.569691925574688 15.875 15.241 15.035 AAU 40058.18359375
245.867799 -26.574411 493.9352739193024 959.4178755350395 506.07914121289025 942.9576883569026 245.8673915706403 -26.574904754104907 12.047 11.419 11.258 AAA 2636859.0
245.870278 -26.574236 420.032490755302 965.2607824124273 430.8830593435198 948.9028461046447 245.8699139645569 -26.574726698406486 15.598 14.015 13.851 AUU 77884.0625
245.861447 -26.569921 683.3281277167854 1109.05354961565 698.7863699518292 1095.2119867339238 245.86092840350514 -26.57033615824815 15.062 14.561 13.715 AAU 160734.53125
245.862997 -26.568661 637.125419031567 1151.0620065262458 651.7751138646196 1137.9555916404552 245.86250553969833 -26.569054113826635 15.466 14.843 14.718 AAB 85062.609375
245.866146 -26.569029 543.2414505827737 1138.8107657889354 556.2481759679723 1125.4899541902419 245.8657096567405 -26.569428564207616 16.55 15.614 15.686 UBU 57850.546875
245.864677 -26.567812 587.0436851985789 1179.3705344013702 600.8169496895541 1166.759518753394 245.86421494902865 -26.568190262028544 15.157 14.692 14.555 ACB 138962.65625
245.863845 -26.573423 611.8167740408359 992.3329967245616 626.0235675865506 976.4488241672414 245.8633683625153 -26.57389945168974 15.343 14.918 14.177 ABU 92447.578125
245.862007 -26.574036 666.607595482823 971.8899434209111 681.7732284037725 955.6480174307769 245.8614981869894 -26.57452317274182 14.256 13.956 13.795 EBA 236900.140625
245.864572 -26.570145 590.1613382672361 1101.6033291647445 603.9891616869128 1087.6313874251275 245.8641081015756 -26.570564089159483 14.681 14.198 14.21 AAA 230495.5
245.866125 -26.572977 543.8475162539544 1007.2106231629571 556.8648477883986 991.5868090683088 245.86568827387012 -26.573445654099014 15.841 15.54 15.038 BDU 75581.0625
245.864125 -26.572495 603.4745808244658 1023.2677530239525 617.535385988894 1007.9249387018716 245.86365326758118 -26.572955212645596 15.306 14.884 14.242 BBU 29109.4765625
245.851926 -26.554806 967.3099361679932 1612.822900536921 987.7378600509333 1607.797301296317 245.85124084289862 -26.554956605159393 14.382 13.934 13.775 AAA 324630.25
245.851287 -26.556772 986.3453957687618 1547.2844967439762 1007.1064401947153 1541.1119754369956 245.8505906474088 -26.556957007008613 13.881 13.202 13.053 AAA 385013.5625
245.855433 -26.558107 862.7161174631417 1502.8156115273412 881.3136495187468 1495.8648847290697 245.85480920178176 -26.558315388941033 9.911 9.202 8.984 AAA 4138037.75
245.853895 -26.557274 908.5800790945679 1530.571204591511 927.9802304787227 1524.1062006718626 245.85324428876217 -26.557467804484 13.173 12.594 12.473 ABA 991292.25
245.85298 -26.562769 935.8153382603762 1347.397641359713 955.6921066799327 1337.7271000835078 245.8523132421989 -26.563058962653795 14.616 14.224 14.017 AAA 241613.921875
245.850707 -26.562 1003.5914572003699 1373.0131141845302 1024.6543077013764 1363.7908436827595 245.8500004636986 -26.562276494070048 15.022 14.692 14.658 AAB 161639.703125
245.859268 -26.561064 748.351294889607 1404.2741541890773 764.9474425501751 1395.5989518873862 245.85871130673672 -26.56132415250295 14.607 14.127 14.069 AAA 254477.703125
245.857834 -26.560881 791.1077341462334 1410.3651216189232 808.4521194937926 1401.7965112472543 245.85725220938303 -26.561137944203846 14.399 13.964 13.882 AAA 299322.53125
245.85676 -26.563803 823.1074765740908 1312.9580177347368 841.0118574141375 1302.6847830450947 245.8561593963762 -26.564111074667025 15.17 14.903 14.09 ABU 123535.4453125
245.857076 -26.562618 813.6948655049617 1352.4601390869184 831.4345256512986 1342.8781915209393 245.8564809334925 -26.56290533852018 15.466 14.959 13.991 ACU 65313.76953125
245.858964 -26.563257 757.3999431600766 1331.1722616226098 774.1544421653781 1321.2177762010056 245.858401975104 -26.56355552877729 16.078 15.295 15.214 ABU 65287.30078125
245.855175 -26.56181 870.3793496085955 1379.3804299855074 889.110988226746 1370.2695875102536 245.85454666566795 -26.5620831902636 13.592 12.981 12.81 AAA 721010.75
245.853371 -26.559904 924.1817550320716 1442.9006182666883 943.8549357451329 1434.9013790863553 245.8527111024719 -26.56014382702322 14.554 14.187 13.941 ABA 241152.65625
245.849247 -26.574932 1046.9991361753598 941.9341636058934 1068.8216210584287 925.1680114689965 245.84851482614278 -26.57543479642381 7.008 6.032 5.745 AAA 1475145.875
245.853195 -26.57061 929.3390489123999 1086.0325130675321 949.1024822683669 1071.7880820462137 245.8525319591305 -26.571037181077187 15.166 14.692 14.699 ABB 112910.2890625
245.852435 -26.573883 951.9685432443172 976.9266601801735 972.1279927510927 960.7728767333265 245.85175863661937 -26.574367454908508 13.023 13.486 13.281 UEC 133290.796875
245.85209 -26.572302 962.2674491188043 1029.624005818544 982.6071294783835 1014.3924259203684 245.85140760721194 -26.57275878576696 14.822 14.6 14.328 BDC 108229.9375
245.854192 -26.56633 899.6506532325496 1228.706641780845 918.8945396641195 1216.9590080120097 245.8535464349107 -26.566682285768522 15.517 15.305 15.577 ABU 99852.046875
245.86091 -26.570862 699.3316530957945 1077.6838159832903 715.069957024971 1063.293282762998 245.860381999623 -26.57129362373929 14.373 13.923 13.738 AAU 285953.1875
245.858146 -26.570181 781.7389219885932 1100.3670360287729 798.9193531233936 1086.3734591592763 245.8575696225415 -26.570600695396568 15.723 15.18 14.216 ABU 86787.375
245.855701 -26.570208 854.6312885457492 1099.450702784076 873.0873360952999 1085.4410900827972 245.8550818258108 -26.570628157505173 16.018 15.56 15.436 BUU 71530.875
245.862042 -26.564896 665.6202082144647 1276.5569083553628 680.7685618582179 1265.6466542515816 245.86153384084628 -26.565223222968875 16.453 15.73 15.605 UBU 55038.578125
245.85767 -26.564659 795.9699953780425 1284.4306927056582 813.3994702971584 1273.6582298280073 245.85708531941566 -26.56498205849196 16.013 15.241 14.851 AUU 33354.14453125
245.857816 -26.564962 791.6149100247735 1274.3316371508467 808.9681709502071 1263.3824408009864 245.85723387326817 -26.56529036159447 16.52 15.589 15.245 UBU 47972.27734375
245.861198 -26.568743 690.7590397079767 1148.3188215014898 706.3473229028664 1135.1644008777657 245.8606750505548 -26.569137542339273 15.473 15.034 14.395 ABU 86426.25
245.860335 -26.567867 716.4936652941918 1177.5138383270964 732.5323044368403 1164.8703304978205 245.85979694922128 -26.568246209093967 15.587 14.937 14.794 BAB 98181.234375
245.858738 -26.567093 764.1112587560091 1203.3041503610184 780.9832057842393 1191.1119729923362 245.85817200024678 -26.567458657835388 15.344 14.749 14.894 AAC 137738.6875
245.859167 -26.569946 751.3015528588976 1108.2067808536528 767.9493300339284 1094.3503995185918 245.8586084949996 -26.570361587018322 15.031 14.557 14.042 AAU 93518.875
245.857537 -26.567471 799.9147730323867 1190.6964633773882 817.4132815604536 1178.2836514864925 245.85694997689203 -26.567843267909605 15.533 15.132 15.3 AAD 113280.984375
245.826559 -26.552763 1723.7071142853433 1680.649194828642 1757.371988785337 1676.8105557381432 245.8254299075361 -26.55287768923475 15.149 14.719 14.664 AAB 81618.84375
245.828851 -26.550285 1655.402069145771 1763.2801067629907 1687.871605355822 1760.887508631343 245.8277620437296 -26.550356342329593 14.503 14.242 14.134 EAA 172340.09375
245.833428 -26.549208 1518.9392377099764 1799.238128472496 1549.0206743699011 1797.4747957207649 245.83241915363286 -26.549260528938365 15.321 14.933 14.881 AAB 83637.1484375
245.832577 -26.5516 1544.2816943484277 1719.4943541397597 1574.8066239995253 1716.3355053372054 245.8315532390383 -26.55169438276282 12.484 11.956 11.798 AAA 1431859.125
245.828565 -26.546152 1663.991347054662 1901.0430319254654 1696.6111956281186 1901.061284984161 245.82747107866012 -26.546151012678475 15.485 14.802 14.539 AUU 27910.640625
245.829168 -26.545958 1646.0132309269707 1907.5176613109297 1678.3184624681928 1907.649220383871 245.82808463300037 -26.545953622342235 15.293 15.161 14.641 UAU 17689.9375
245.831366 -26.550409 1580.4077967231833 1759.17925176569 1611.5649331658392 1756.7148886715895 245.8303210565973 -26.55048253138425 15.185 14.7 14.548 ACB 127287.984375
245.830674 -26.54899 1601.0621684859393 1806.4704766469192 1632.5807564344434 1804.8337099882403 245.82961695947026 -26.549038693740542 15.265 14.727 14.833 AAB 95261.21875
245.846597 -26.5501 1126.2520150202974 1769.6445154139867 1149.4614252831527 1767.3632944337314 245.84581861084425 -26.550168222498435 13.423 13.688 13.567 UAA 304087.75
245.843641 -26.544689 1214.4534875699735 1949.983362693379 1239.2064236024482 1950.858071540513 245.84281091894397 -26.544662513163438 14.509 14.113 13.93 AAA 203775.0625
245.841511 -26.546436 1277.9490912670128 1891.7286910240102 1303.8132003641856 1891.5839431169304 245.84064363104358 -26.546440072812718 14.165 13.575 13.555 AAA 384605.875
245.844302 -26.546715 1194.7210049993816 1882.4564215391729 1219.128622586871 1882.1494089161083 245.84348347156865 -26.54672397201446 14.422 13.883 13.631 AAU 273411.0625
245.84316 -26.546289 1228.779028522226 1896.6452958638595 1253.782661521365 1896.586588541477 245.84232148966598 -26.546290510300288 15.599 15.107 15.063 AAC 101430.390625
245.840877 -26.552364 1296.785444312549 1694.122095164112 1322.9791895880187 1690.519231829484 245.83999848984163 -26.552471808822354 15.259 14.859 13.648 ACU 73701.7578125
245.839865 -26.551676 1326.968992368292 1717.0447801965263 1353.6909497347372 1713.8430638499656 245.83896878436357 -26.551771762451864 14.35 14.062 13.649 ABU 201454.84375
245.840744 -26.548758 1300.793247507186 1814.3207362298901 1327.0571293385617 1812.8213491139131 245.83986319039033 -26.548802703029303 15.794 15.679 15.465 UCU 57294.5859375
245.841449 -26.551039 1279.7450187820757 1738.2946885527922 1305.6405566107621 1735.464845602466 245.84058051058477 -26.5511236248849 15.362 14.92 14.463 AAU 80205.3984375
245.842632 -26.549347 1244.4893552514718 1794.7066948611132 1269.7679189683727 1792.8640620211827 245.841784226674 -26.54940202211103 15.968 15.48 15.768 BBU 78293.921875
245.845796 -26.55068 1150.1303397177555 1750.303831715796 1173.7576206628164 1747.6841487708223 245.84500358879538 -26.550758368025903 13.445 13.518 13.414 UBA 426149.90625
245.844427 -26.550705 1190.9508988873945 1749.4575961397352 1215.292539617924 1746.8231040721805 245.84361063018517 -26.550783797705066 15.521 15.086 13.952 ABU 89818.421875
245.845243 -26.548203 1166.645688115856 1832.8653545697712 1190.5619876578837 1831.6904982747421 245.84444092854216 -26.548238017415972 15.024 14.548 14.538 AAB 154499.453125
245.837508 -26.551643 1397.249803314302 1718.1190436005188 1425.2016748723024 1714.936126863528 245.83657053518692 -26.551738169604373 11.472 11.062 10.905 AAA 3023960.0
245.839281 -26.547729 1344.4300962677612 1848.6052214698757 1371.457622952447 1847.7058128455985 245.83837459561298 -26.54775568625682 12.781 12.195 12.048 AAA 1285559.0
245.837629 -26.548191 1393.684923476807 1833.1870919480084 1421.5744096376511 1832.0178660570984 245.8366936814253 -26.548225760449643 13.771 13.284 13.106 AAA 441132.03125
245.83503 -26.54883 1471.1751675109917 1811.8572845928275 1500.4207329424341 1810.3147870732018 245.8340491926267 -26.548875925260532 16.257 15.792 15.882 BCU 50556.41015625
245.839797 -26.543922 1329.0889671868063 1975.5107795356703 1355.8480241125756 1976.8322181775445 245.83889965602512 -26.54388206710051 15.394 14.928 14.955 AAC 89516.7890625
245.830547 -26.544125 1604.918761414314 1968.6355665047242 1636.5048397390647 1969.836688918557 245.82948778262633 -26.544088555357757 13.539 12.963 12.811 AAA 460243.09375
245.831248 -26.545227 1583.9995743366455 1931.911145654926 1615.219566887537 1932.4695907038872 245.8302010396463 -26.54520984558277 15.511 13.663 13.446 BUU 46400.2890625
245.833701 -26.544867 1510.8574108872642 1943.941473611456 1540.7974155777915 1944.7104493996567 245.83269696991212 -26.544843563446747 10.803 10.121 9.952 AAA 2848583.5
245.835068 -26.542461 1470.1257647136006 2024.1577849540256 1499.3529655960888 2026.330546190721 245.83408791300832 -26.542395468104285 15.492 14.952 14.727 ABB 57855.69921875
245.837316 -26.546457 1403.0399322881121 1890.9835998819444 1431.0931311031543 1890.8258128798784 245.83637521830525 -26.546461413384748 11.972 11.423 11.275 AAA 1206845.25
245.837167 -26.545052 1407.5006743316833 1937.8152672218162 1435.631936132488 1938.477034398198 245.83622362255906 -26.545031824904182 14.878 14.472 14.278 ABB 85836.140625
245.848933 -26.55608 1056.5398085328122 1570.3317174345352 1078.5292551821365 1564.5625224896396 245.8481954531032 -26.556252885024794 11.979 11.337 11.208 AAA 3138338.5
245.839797 -26.553789 1328.971427245771 1646.6107044756384 1355.7284272225722 1642.176391803962 245.8388995774873 -26.553921739494765 13.929 13.54 13.347 AAA 75103.8828125
245.841825 -26.553555 1268.5048439541254 1654.4318497178215 1294.2036787233226 1650.1344070878833 245.8409630716242 -26.553683657169096 15.502 15.501 15.112 UBU 59153.515625
245.844936 -26.5546 1175.7323497708865 1619.6290829678755 1199.8076658918771 1614.7225919198133 245.84412851013482 -26.5547469631039 15.114 14.693 14.515 AAB 92951.390625
245.842511 -26.555008 1248.0339313875472 1606.0054398214613 1273.3745251868295 1600.8605350183368 245.84166106643997 -26.555162088824336 15.64 15.303 15.161 ABC 75010.2578125
245.846073 -26.558962 1141.7856090602895 1474.2396597941556 1165.2668572188447 1466.7888538405532 245.84528537862394 -26.559185304501856 10.322 9.59 9.411 AAA 4042756.5
245.847557 -26.559958 1097.529053707113 1441.0530516120384 1120.2358121469877 1433.021480015249 245.8467953448119 -26.56019874265937 14.243 13.766 11.311 ACU 88272.6484375
245.848095 -26.561468 1081.4735430828136 1390.7244359068177 1103.899330086763 1381.812113535187 245.8473427508769 -26.56173517053698 10.287 9.577 9.386 AAA 4242439.5
245.846737 -26.55496 1122.0283483885614 1607.6457517303102 1145.1638444853613 1602.5295523855907 245.84596102747628 -26.555113273229427 13.517 12.784 12.6 AAA 727627.25
245.828266 -26.554632 1672.7808460640426 1618.3722884675376 1705.5545108701635 1613.4438035157195 245.82716676349375 -26.554779410211236 15.331 14.824 14.932 AAB 91822.53125
245.829105 -26.55537 1647.753564206408 1593.783393346575 1680.0892515800203 1588.42460273014 245.8280204399648 -26.55553033170622 14.666 14.157 14.054 AAA 151173.171875
245.833725 -26.56073 1509.927738765075 1415.1749294415572 1539.851474193464 1406.6904907067844 245.83272124868142 -26.560984165890265 15.757 15.197 15.237 AAC 60851.9375
245.834428 -26.553288 1489.066562809044 1663.250114445833 1518.6252276582022 1659.1069914486352 245.8334366181957 -26.553411935985345 14.682 14.183 13.999 AAA 185996.8125
245.837595 -26.556973 1394.5891156479443 1540.4532984879672 1422.4944251717834 1534.1612312115067 245.83665901350741 -26.557161445115348 15.459 14.929 14.679 AAB 84259.890625
245.835775 -26.55615 1448.8655515227626 1567.8659173437009 1477.720698674411 1562.0535708972156 245.8348071675733 -26.556324030318706 15.916 15.515 15.148 ABC 61086.16015625
245.832105 -26.55513 1558.306566998369 1601.8217978657433 1589.0769319208405 1596.6036793283938 245.83107294634124 -26.55528615426395 15.842 14.722 14.522 AUU 51655.11328125
245.831561 -26.558413 1574.480791208069 1492.3816158828117 1605.5342050542104 1485.248294160761 245.83051939527002 -26.558626602703885 14.744 14.303 14.216 AAA 124666.8046875
245.832257 -26.556246 1553.758925781074 1564.6236747106063 1584.4497069822428 1558.754589018042 245.8312275963572 -26.556421685359503 15.798 15.189 14.58 AAU 74695.5546875
245.847088 -26.573095 1111.3809624786288 1003.1487044594637 1134.330129322005 987.4538067875043 245.84631804659108 -26.5735656374254 11.073 10.369 10.345 UFC 5070809.0
245.847316 -26.571629 1104.5983880578985 1052.017434001807 1127.4288598489118 1037.1777390968386 245.8465500475016 -26.57207398369555 14.095 13.729 13.492 BDC 249278.359375
245.844011 -26.571779 1203.1272210595623 1046.986691221352 1227.6819474281046 1032.0589583177257 245.84318719591104 -26.572226590013408 15.175 15.287 15.151 UDC 37394.5546875
245.846707 -26.564398 1122.8273772797331 1293.0453923177022 1145.9768563821285 1282.423686683262 245.84593043742365 -26.564716437962034 14.071 13.608 13.397 AAA 259800.890625
245.844747 -26.566086 1181.2457097993813 1236.7605068188689 1205.4175097208706 1225.153815688199 245.8439361197757 -26.566433966881664 16.047 15.485 15.173 BBU 54948.9609375
245.847375 -26.566154 1102.8938839880286 1234.5180360819359 1125.694526957819 1222.8721017133698 245.8466101173857 -26.56650317159843 16.008 15.182 14.749 BAU 78155.96875
245.840918 -26.56921 1295.3671565368425 1132.5889956429212 1321.5360817762373 1119.1593030666722 245.84004007619538 -26.569612613847603 15.6 14.951 15.061 AAC 34215.9296875
245.841315 -26.564566 1283.5848151467314 1287.3931743712617 1309.5475494117993 1276.6725549227588 245.84044406098744 -26.564887346390705 14.323 15.021 13.545 UDU 107002.671875
245.84021 -26.56592 1316.513723019082 1242.2482864585993 1343.052713171916 1230.7376314716248 245.83931970966572 -26.566265034453217 14.442 13.901 14.078 AAA 218855.34375
245.842614 -26.569349 1244.8024591403023 1127.9729723469661 1270.0865021752577 1114.462499363038 245.841765761175 -26.569754056751933 16.251 15.667 15.423 BCU 46186.328125
245.841958 -26.563559 1264.425598096965 1320.9664357487836 1290.053046063662 1310.8333483743872 245.84109832298782 -26.56386272785983 13.896 13.338 13.227 AAA 368568.9375
245.837191 -26.560329 1406.5926726456487 1428.5820601350738 1434.7080444169476 1420.3322461874375 245.83624791476623 -26.56057617237098 14.828 14.339 14.583 AAB 156994.21875
245.83802 -26.562651 1381.8469023125601 1351.1912941632172 1409.52922310303 1341.5871418110735 245.83709140493818 -26.56293881284897 16.079 15.44 15.622 BBU 63417.171875
245.844356 -26.562807 1192.9381528966956 1346.0568091421305 1217.3145705723878 1336.3628033021178 245.8435382998611 -26.563097582163333 15.939 15.664 15.848 UBU 41777.75
245.845952 -26.56221 1145.3598301026043 1365.9718459676023 1168.9036271293999 1356.6263532720354 245.84516223813176 -26.56249014378686 15.157 14.566 14.481 ADB 135524.3125
245.840607 -26.555304 1304.8017802541142 1596.1192506516588 1331.1358114085613 1590.8013375380629 245.83972374155505 -26.55546325709995 15.693 14.22 14.008 AUU 53710.95703125
245.84098 -26.556269 1293.6689190677046 1563.9564655996624 1319.8081251513895 1558.0757037476565 245.84010326206982 -26.556445146920424 16.031 14.974 14.724 AUU 67846.359375
245.843169 -26.559937 1228.3600380316177 1441.711944054291 1253.3563386971712 1433.691903075241 245.84233054566866 -26.560177350214406 15.115 14.634 14.549 AAA 154432.6875
245.842927 -26.561804 1235.5546877999195 1379.4761932611614 1260.6768948364181 1370.3670266432316 245.84208429620054 -26.56207702124538 14.604 14.143 14.087 AAA 171704.40625
245.841949 -26.561243 1264.7202235437535 1398.1663713678113 1290.3528274557693 1389.384282866748 245.84108918312887 -26.561506197836533 14.733 14.3 14.163 AAA 173498.140625
